lat,lon,band1,band2,band3,band4,band5,band6,band7,irradiance
-8789850.0,184950.0,0.09653451818821283,0.0795391068872547,0.055868708363475926,0.2786903091930138,0.13661579158179502,295.0107027553212,0.052632697830376704,206.53807782944102
-8784900.0,174600.0,0.09784164223822452,0.08756641781585582,0.056464799616416504,0.34433899836854914,0.16705718313816625,296.20642507994097,0.06092548420325295,204.3293869810792
-8775000.0,164700.0,0.10038147561980132,0.08212403261463055,0.0501985912632197,0.31577451565242354,0.12705641488280425,296.2740548996515,0.040605056505961856,202.97803584731324
-8775000.0,169650.0,0.09997106231705298,0.08147090996145324,0.057955412684739076,0.2685099779471184,0.1284102962807905,294.0992687096283,0.05000818489269475,202.51427258574088
-8775000.0,174600.0,0.09958182761212488,0.07584224332314304,0.05308145289693045,0.23453200528061618,0.10961526005488473,295.26363651528146,0.0366417874393158,202.41677573561097
-8775000.0,194850.0,0.09838482433752076,0.09159962334870532,0.0613698514047587,0.3447726295941,0.17163502905825825,295.7616049316296,0.06650974475948622,205.6872705590518
-8769600.0,164700.0,0.1011896979141885,0.08455923606613176,0.05792617597739822,0.28957431041923465,0.14711622814967223,295.90769491419144,0.05469137070539085,199.18943004463347
-8769600.0,174600.0,0.10042399512267965,0.08420422707352675,0.05628019582921628,0.29027693073108607,0.139942415410925,295.45732996790343,0.051593921912343896,200.84637664248424
-8769600.0,184950.0,0.09967147401229258,0.07818940081704012,0.051374703142362275,0.26546043392765134,0.12309530238958226,295.79543173499445,0.042853832655111376,201.61496598304177
-8769600.0,189900.0,0.09935701296667912,0.07789352657584707,0.05370495325605675,0.26609508169795565,0.12309307466278024,295.0380531553784,0.04403463152575425,202.17770213222516
-8769600.0,194850.0,0.09910490782709018,0.08692744866745551,0.05605841179453397,0.3297762668653111,0.15196141257947424,295.525515427773,0.05575024106554113,202.5907785059118
-8764650.0,154800.0,0.10256175271568578,0.08298516882119082,0.0510823043803824,0.2997582829608566,0.1302292855942345,296.43748204185437,0.039737267924115624,199.957043536917
-8764650.0,164700.0,0.10177465447697849,0.08921668170760455,0.06386493484107353,0.308609355851805,0.13782691444610573,293.0785632420454,0.05347431468966235,204.7542767025565
-8764650.0,169650.0,0.10141774428574984,0.09519140336017878,0.07371917922560195,0.335055549953247,0.1853192367328585,295.53078466562516,0.07891904532667897,210.76257943103894
-8764650.0,174600.0,0.10106634842905708,0.08032469682212792,0.052808311871672224,0.2797741974427492,0.13850623037737725,296.50668473769764,0.04676282504971443,200.40040828313724
-8764650.0,184950.0,0.1003338487264466,0.09272818108398215,0.0718173524360861,0.3297673979414806,0.18427763232945701,295.86659113162165,0.08475456737753148,211.73574695482188
-8764650.0,189900.0,0.10000748609978943,0.08172962309933869,0.0583335569941958,0.27168276703881183,0.13257766011906474,294.5153850430931,0.05123883141854915,203.28810043658856
-8764650.0,194850.0,0.09973061640956249,0.08911584552048986,0.06879037640047618,0.3169887292287803,0.16959399179827625,294.52537315437104,0.07237647205577596,210.68144074865074
-8759700.0,154800.0,0.10292733908137834,0.09210892163628437,0.06271254829870523,0.3377194078614492,0.15356643164951575,294.985949236685,0.055210870366039645,198.6382207569553
-8759700.0,159750.0,0.10253683376939177,0.09476611788133513,0.06936683735917845,0.323244237093715,0.1843923287375905,296.4128631123848,0.0768230607818898,207.9766959857919
-8759700.0,164700.0,0.10219427985527874,0.0906264269843545,0.06693604520722544,0.3077984724910639,0.17936592922046302,296.5923747035893,0.07534400672117565,206.51665778847237
-8759700.0,169650.0,0.10187854461968628,0.08544132073338905,0.05689211139453987,0.3060136971694214,0.14761167247071125,295.8899490499848,0.05212009623955013,198.04653064163358
-8759700.0,174600.0,0.10156974844014437,0.09353605305034095,0.05779978875956768,0.3949010078418304,0.18880540760303377,296.4281503748748,0.06599701883069002,202.3488857435713
-8759700.0,184950.0,0.10090575837054121,0.08186283730136876,0.0539505376096651,0.28222558999408714,0.14558473122510224,296.74400045253674,0.04987782407442212,200.81407784877862
-8759700.0,189900.0,0.10059423157905185,0.0909906621488151,0.05924450923178633,0.33950748965012073,0.16753557682033748,296.0016628792588,0.062468128766083326,201.19052209247442
-8759700.0,244800.0,0.1039237889259608,0.07892711074689125,0.05126129751929118,0.27268331651333994,0.12371994994436024,296.367091344755,0.0411117882662945,199.26139182630988
-8754750.0,154800.0,0.1031406655226074,0.09312885417299308,0.06423298438209978,0.3433489207361732,0.1663068064335215,294.33690324863556,0.06765574953317965,202.64477007928596
-8754750.0,159750.0,0.10276800120790353,0.09001977085476243,0.06196081671041258,0.3161030222788173,0.145443882172055,294.8756786672306,0.05216275585560635,197.98643720623394
-8754750.0,164700.0,0.10246200433486975,0.08235144464405986,0.06018906666403347,0.27966779070430453,0.1283225376997285,293.69709003145374,0.048551223653874445,199.48897516627807
-8754750.0,169650.0,0.10219668475608508,0.08859086543697639,0.05853008944312778,0.33455247610429373,0.1624146798403075,295.3759951056574,0.06447461160296958,198.9839635943643
-8754750.0,174600.0,0.10194583480328888,0.0961093170098596,0.06838175183436228,0.348050234703755,0.18800579655455624,296.152707977613,0.07865718269944183,207.68943645416763
-8754750.0,184950.0,0.10139799353916948,0.07945383082390767,0.046559640934144206,0.27903822101730225,0.115318617170349,296.651211985217,0.03630380079550775,201.23521760569463
-8754750.0,189900.0,0.10112809726821773,0.08871195806116763,0.05762020975013545,0.337701638579217,0.15839724968083724,295.4210350674916,0.05986687303829992,200.8670356294294
-8754750.0,194850.0,0.1008813842726299,0.08408587227400068,0.05999564084554417,0.2886152854785854,0.13571374647871826,294.1676409098189,0.051494091798243775,202.65372650564865
-8754750.0,225000.0,0.10182047000676173,0.08585238640594987,0.0590434031392747,0.29585153579249196,0.139053306820711,294.7303449731209,0.05188374241961062,201.99984186640032
-8754750.0,249750.0,0.10524717209768578,0.08399681903597495,0.055336082480084876,0.27779373891665676,0.12456889968325324,295.41916321317836,0.04385975239692287,199.0295916009942
-8744850.0,139950.0,0.10511470251636565,0.08369166505717579,0.049563503997638626,0.31383899575331825,0.12406414803952406,296.6043089669303,0.0362500054200742,201.32675510741882
-8744850.0,159750.0,0.10294795188949167,0.08244276968380555,0.0594098425760766,0.26873410936159997,0.1188777640808005,292.8707288748442,0.047165576529943076,199.84067755829088
-8744850.0,164700.0,0.10271779568357578,0.08996885006595348,0.0672790922964813,0.30368765806452813,0.15533652937860226,293.3889683401669,0.06737123206321642,206.40514600715278
-8744850.0,169650.0,0.1025701889270732,0.08368259273438705,0.057316464241525256,0.2875255184057357,0.13461975831926998,295.1753914574157,0.04815545214586867,196.67391537387368
-8744850.0,174600.0,0.10246763550964744,0.08400130765685244,0.05351375136927853,0.29151664726792653,0.13371529804636476,295.87694012553357,0.0462199996230237,198.32564094437075
-8744850.0,184950.0,0.1022639095735492,0.086241024061957,0.06356936851692795,0.28828160146282383,0.131945111096998,292.65593975564894,0.053068594924895726,204.81618611268144
-8744850.0,189900.0,0.10214356235623924,0.085201820028958,0.058315413739860975,0.29157611805771205,0.1512737137587035,295.74398301253524,0.06091619644829825,200.3992257948787
-8744850.0,219600.0,0.10256916837189066,0.07932270598979117,0.049577071378746396,0.2693491440860048,0.11853476068516625,296.33295422870583,0.0394734098081957,198.23930347506675
-8744850.0,225000.0,0.10316919659870408,0.08226494095244043,0.05389788836229388,0.277727018786446,0.11640272432299449,295.4580825072503,0.03910909115109092,196.65127929559134
-8744850.0,229950.0,0.10386638333145087,0.09951967804801173,0.06633274142437043,0.3672107110815969,0.20523502482523423,297.5652904509353,0.07921639816988885,204.356521417446
-8744850.0,234900.0,0.1046619202869225,0.08348253229406552,0.05673580567541363,0.27208069367256565,0.12465287414373274,294.97048352263266,0.04519428020958615,199.59512039816516
-8744850.0,249750.0,0.10704587186486283,0.09634053178712762,0.07652361667820587,0.3316349099166928,0.16794925220190327,292.67218892478985,0.07605674477181637,213.01841791326373
-8744850.0,254700.0,0.10763533950400506,0.08781562402490853,0.05586837408460307,0.3075692508579924,0.12911264058831023,295.89162617806755,0.04257040396629765,194.7851720412815
-8744850.0,259650.0,0.1080422737286025,0.09561005374648987,0.06515510105490323,0.3342847393061069,0.164387820381178,295.46604825290785,0.0611889675088182,200.77453927575544
-8739900.0,135000.0,0.10610871623459658,0.10231611256244372,0.07751812351636983,0.35871873082952027,0.19978789405563802,296.11286893878247,0.08573376144622617,209.87575986469207
-8739900.0,139950.0,0.10526793360135395,0.10072222407884755,0.0736442291736132,0.35398559560659704,0.20064197263617822,296.71776834135477,0.08625682595730325,209.0427509346358
-8739900.0,144900.0,0.10450011194119053,0.09751894416576196,0.07430339672282782,0.3459850445758225,0.16439744449198526,291.9344557502323,0.0738831076942771,211.2476781009065
-8739900.0,154800.0,0.10336295128056239,0.09857154371812493,0.06347695608793497,0.3954523148407739,0.19250414853202577,296.258940057954,0.06878175199877765,200.28664066364846
-8739900.0,169650.0,0.10274283533001904,0.08582118866401962,0.055585289412447246,0.30647850044947544,0.1448466962926325,296.01146642158096,0.049968883243652354,197.5432914081249
-8739900.0,184950.0,0.1027162546195276,0.08830253662388675,0.05727690076945935,0.32889911527221133,0.15970672284978749,295.97611808502063,0.05829312894287812,198.20367487016244
-8739900.0,189900.0,0.1026908488397131,0.087431991204978,0.0597905772771303,0.3060456318465092,0.14633552279261625,295.36337144873204,0.05263465831784365,199.30811721750794
-8739900.0,199800.0,0.10262052416272353,0.08166779432461385,0.05517890939055147,0.2672893665554026,0.1260453558198115,295.40667988037046,0.044696750071746005,198.9836709184903
-8739900.0,214650.0,0.10296257633655855,0.08546734508619044,0.05539171764418167,0.30553556761576867,0.11912217659190599,294.8295380094533,0.04174384087547148,197.29688091705688
-8739900.0,219600.0,0.10333991181554027,0.09949774323358425,0.0735819761205734,0.3596437461471045,0.19355276293875925,295.7984875393962,0.07969175063733817,208.8808369104624
-8739900.0,234900.0,0.1054441982437504,0.08681903244522204,0.05592590108804173,0.313694108870935,0.1373581993088065,295.81035294547803,0.046165209895197026,194.53029704609025
-8739900.0,249750.0,0.10799636781980723,0.09556347163576857,0.06742556366694895,0.33662327693889704,0.15835976326029325,294.33595469600976,0.06020837225848345,205.98340004577915
-8739900.0,254700.0,0.10867795873233788,0.10227890881110688,0.0697212435845723,0.37692222707748096,0.183282224886345,295.16144847171404,0.06980744001602625,205.09491667793856
-8739900.0,259650.0,0.10918495893883103,0.10143875808175135,0.0726350737622292,0.3538085088432158,0.18918934779113672,295.3723331351696,0.08084146398962413,208.64398958280273
-8739900.0,264600.0,0.10948459435243887,0.08943580514386745,0.05876565572356742,0.2979962196028135,0.13394095435324874,295.4886862940742,0.0472955733014268,197.11641501557162
-8734950.0,129600.0,0.10725680528987983,0.1017832308418338,0.07286720213922443,0.3652958932826709,0.169561007838649,293.1177273484784,0.07027721740140486,208.58527407027245
-8734950.0,154800.0,0.10351976138319251,0.10210265880115742,0.07033060902406667,0.3860134290123658,0.2162970193409475,297.35058875809204,0.08231019134467968,207.2641801247342
-8734950.0,174600.0,0.1030374212364114,0.08931937660571798,0.05680260421046115,0.32089957587718837,0.1541170686994375,296.0070381877594,0.05553809809860625,197.5282466416584
-8734950.0,189900.0,0.1033031375266167,0.07988951335990782,0.04880377544186492,0.2607465288119764,0.1127098808541194,296.71448682648645,0.03312228845507983,198.2945545766423
-8734950.0,194850.0,0.10335075038594421,0.08674037333965377,0.06224435015657857,0.2929579730499474,0.14523242516083926,294.1807515656645,0.06010941787791315,202.7068328776246
-8734950.0,199800.0,0.10339003793711918,0.08029184593033306,0.04927219199613812,0.27282166349274756,0.11880485387466877,296.4604570074838,0.038723370019257256,197.72728899986325
-8734950.0,204750.0,0.10345242119218738,0.0793582510523807,0.05260402841484677,0.2473409551461765,0.10890535086882575,295.92473656987937,0.0351763825339933,197.4370326259536
-8734950.0,219600.0,0.10417360884340571,0.08166779432461385,0.053306881639838835,0.28290961350843896,0.129785301931811,295.8901398538163,0.04583741373136047,196.35989483226038
-8734950.0,234900.0,0.10624627541976966,0.08826722095433104,0.0616342092771384,0.2885582734735788,0.14036710687605852,294.94179292768115,0.05261235207184731,201.10915333576344
-8734950.0,249750.0,0.10893857964525545,0.0903304618980365,0.060485976556352995,0.30965862286545925,0.14287148422482476,295.75372085230066,0.049096152148608824,195.95595056700182
-8734950.0,274950.0,0.11085166031897004,0.09666659198559138,0.07283046114382574,0.3222995130172329,0.1838361120318505,295.8063463163148,0.08034140753917592,208.9236059435472
-8734950.0,279900.0,0.11055776873946274,0.10616406407785492,0.0778911370445064,0.37596831178125073,0.1990399390982235,295.2847532703843,0.08747935465697115,211.2732098807578
-8730000.0,129600.0,0.10748606388645661,0.09147467846196704,0.06317404573042859,0.3153037744766627,0.15193027543592602,295.2118091787197,0.055945719658104576,194.07185537188394
-8730000.0,144900.0,0.10499138495458082,0.08937755348895697,0.0582370061196814,0.3182967034031489,0.1473192048015885,295.4890308727252,0.053360816669307976,192.75801820987232
-8730000.0,159750.0,0.10349428251545131,0.08037263281851612,0.0489182921313823,0.2745130564651813,0.11195895536116837,296.36060094932833,0.03771234721172208,198.69652529875293
-8730000.0,184950.0,0.10383347995866887,0.08598076317809364,0.05928540886165623,0.2865271823567918,0.13594933112428625,295.35866933090244,0.047037613467588606,197.70824845312947
-8730000.0,194850.0,0.10412842119500908,0.08332770695105908,0.05431140517398912,0.29198141991282245,0.12552423750395783,295.6379595136464,0.042376248433765376,196.53286403127618
-8730000.0,219600.0,0.10505592016707611,0.08638621864867198,0.05586625640606103,0.3063873266149019,0.144352528822496,295.9693638679394,0.0507034422645974,197.23476127041604
-8730000.0,225000.0,0.10559557679666637,0.08088488563299298,0.0497800406835151,0.2776055577669219,0.1186271604482985,296.63174444929933,0.036179948420970824,194.93132702224813
-8730000.0,249750.0,0.10983157560911408,0.09094258390635475,0.0626949613036943,0.29995730794386993,0.13671644653573425,294.52972050177937,0.05083429887930542,200.81312778409853
-8730000.0,254700.0,0.11069432922972003,0.10461457963374861,0.0689108939629839,0.3955861647302476,0.19593705962129598,295.82294384464205,0.07385287842451523,204.8149567788584
-8730000.0,274950.0,0.11228330190540521,0.10306178532371159,0.07532417700256594,0.35325496821382774,0.18037816768196951,293.8430705489739,0.08333077473748737,211.18303094133256
-8724600.0,124650.0,0.10827032270031409,0.09237146989110458,0.06986347008255553,0.3059292686088943,0.15057118852423002,292.99110721987756,0.06143684572819475,205.7504808590064
-8724600.0,129600.0,0.10773237865154636,0.09212205833977336,0.06954997596582363,0.3079687198665863,0.13194474694070876,290.48598496094814,0.0573433457100438,210.25041578701067
-8724600.0,144900.0,0.10547822798075202,0.09555217933802415,0.06632037806370553,0.33561250135688236,0.18451814386174475,296.61963790896976,0.07245942477395115,203.26019493290406
-8724600.0,164700.0,0.10388772294223673,0.08761051987426553,0.05753762578362215,0.30907194179496905,0.1339570062918165,294.32360847624943,0.05151137516061062,196.90260310125444
-8724600.0,194850.0,0.1050604285075079,0.08302573374751618,0.060046191871248426,0.26902557024322116,0.129964909580447,294.4811425653458,0.0505639122149532,198.6022095319562
-8724600.0,214650.0,0.10574352007780013,0.0919228130121264,0.058198500577936775,0.3539772992182023,0.16713040514657623,296.17692810016274,0.058073156821494526,197.616504051306
-8724600.0,229950.0,0.10712219822646668,0.08748922364582105,0.0613300790526934,0.28897832882087543,0.12621779466464675,293.90164999514485,0.0468370046826993,200.6208574869288
-8724600.0,234900.0,0.10786990534845312,0.0872758197385747,0.0594010353632588,0.2784195413337434,0.11965354887497676,294.2322493518976,0.04462196768746667,199.78897543763898
-8724600.0,249750.0,0.11069301995421083,0.10461457963374861,0.0689108939629839,0.39677144009963994,0.19423283686721374,295.7144358020028,0.07267372085278435,204.33660074384474
-8724600.0,264600.0,0.1131273838508796,0.1023527925377973,0.07198249703122865,0.36073748792271154,0.16624331994000474,293.3294716181349,0.06778795844543928,209.07567514313047
-8724600.0,279900.0,0.11360932729071851,0.09655780021539766,0.06588967121409713,0.32679083787163427,0.168940580869841,296.0725811184968,0.062920199416758,197.97265282773054
-8714700.0,114750.0,0.10750850752289437,0.091701282652194,0.06613206797963403,0.31218799756635246,0.14371312344355774,292.828693355501,0.05863643162368558,203.0879680637463
-8714700.0,124650.0,0.10812587429602732,0.08749630861248331,0.06066662175110805,0.28576848307254105,0.139237466982984,295.4908377757116,0.050495558986811476,192.61153846717724
-8714700.0,129600.0,0.10803673298425032,0.09462855098828338,0.05926887092639105,0.36364147665846885,0.16018742048996198,295.9817871405316,0.05507197818333725,193.96410919135033
-8714700.0,139950.0,0.10722963583660558,0.0867583115803877,0.06091765007682165,0.2798991018185967,0.1324700430630265,294.5206267647441,0.05073208338953207,192.46849765405042
-8714700.0,144900.0,0.1067000922458086,0.09120820519263152,0.05838512773449037,0.3355934346008222,0.1392769525263115,295.9369885910129,0.04502465907562433,196.59485106928128
-8714700.0,154800.0,0.10576038692937725,0.10673469308710162,0.07511549723013415,0.42112931115760693,0.22461268200105078,296.3465345306603,0.08912249633135892,210.58416514192646
-8714700.0,164700.0,0.1053503591201545,0.08451628581329892,0.057043955397667226,0.2844861579970527,0.1276929556793815,294.9470665465459,0.04648478260782157,193.47134835405905
-8714700.0,189900.0,0.10659799291826616,0.0993261048526327,0.0726926592094903,0.35186797999737834,0.17223045133037373,293.7854073975165,0.07011115773810533,208.72514532174134
-8714700.0,199800.0,0.10715102804649737,0.08609301771459844,0.0549087781827569,0.29585050211854985,0.13288909475581126,296.0118908420637,0.04496259631715137,197.97116014574902
-8714700.0,204750.0,0.1073349782438152,0.08775093196996737,0.05351539455140005,0.32653928484726247,0.13195146958937876,296.4381479518746,0.04017423530417448,199.22798621731195
-8714700.0,234900.0,0.10909875657041593,0.08483323953085874,0.055538821872111926,0.2749090997882723,0.12286435519323075,295.91286956723343,0.042209707758420575,196.1933000799872
-8714700.0,264600.0,0.11461376752810584,0.09481256557583903,0.06341969105422418,0.3355283029086425,0.160691313295098,295.59476883958143,0.06085197673285478,197.65124893537114
-8714700.0,279900.0,0.11581428604780084,0.10124861244119837,0.06872619506792771,0.3527682668012298,0.1663050695656775,294.5938021670086,0.06509950849761835,204.68520577497986
-8709750.0,114750.0,0.10656166857673921,0.08319742907870821,0.05082631169574725,0.28381271917577316,0.12000380524194025,296.3870015560948,0.0393506791390477,202.34302044398538
-8709750.0,124650.0,0.10780140755059447,0.09673948618455958,0.0709220683057091,0.33821883686440884,0.16052236038335174,292.82631530146205,0.06650206114767394,207.52394956833052
-8709750.0,129600.0,0.10801026563577264,0.09249896218227223,0.06061152500059552,0.3242491985969534,0.151964265710788,295.4341903507597,0.0561099612344168,192.22796343229402
-8709750.0,159750.0,0.10633584085681352,0.09104305436960347,0.0637954172358934,0.31740465138044033,0.16093096980699223,295.32850002216514,0.061594992358932774,194.81740716307152
-8709750.0,189900.0,0.10749049838403044,0.09491830340612849,0.06652829211921585,0.3233127625764299,0.1579095898820625,294.2700710685981,0.06231485743244448,204.63601640657015
-8709750.0,194850.0,0.10781967249363537,0.10424188726641007,0.07927755743920994,0.35852768608676866,0.19632989680667526,295.6319676327392,0.08440367838648342,209.76997369731384
-8709750.0,199800.0,0.10808035781437401,0.09128594941352297,0.059904319888271204,0.3235255610393994,0.15236171667560625,296.0950427973872,0.05242356317349897,199.03016746787387
-8709750.0,204750.0,0.10826194234778673,0.08775753681297885,0.057634571642604125,0.2933087939918065,0.1371388979258385,295.9956613861845,0.04651990043221463,198.30702656161137
-8709750.0,214650.0,0.10845580102076396,0.09760844877125885,0.07142585150517447,0.32957709497313553,0.17398582729576925,294.6821787307575,0.07093318548566935,209.31579078768937
-8709750.0,229950.0,0.10902365460286115,0.1060432773014653,0.08463696459278444,0.3690878327240899,0.24203684253758675,300.72189172156516,0.11923564981367625,212.48505180161766
-8709750.0,234900.0,0.10948142377042819,0.09764471986061173,0.07068138689742137,0.33902238034843746,0.185339905511159,296.101594204578,0.07265520904352638,204.34314214935924
-8709750.0,254700.0,0.11290401196426358,0.08885656498862551,0.0597325045077142,0.2786490638938188,0.10859385180005565,295.37386636822225,0.036765195118597625,199.4412149707241
-8709750.0,274950.0,0.11621663130093607,0.09757267462487501,0.07153983068113642,0.31902899362832565,0.13249919280072,291.9072217781493,0.05169479715651728,210.08464681895867
-8704800.0,104850.0,0.10266413769822512,0.08306627821806188,0.05509551330540913,0.2863553279804446,0.13407414877995175,295.77816104036356,0.046145933640264473,198.85380780104893
-8704800.0,109800.0,0.10407711673164054,0.0860109684935947,0.059289631150722076,0.28681210169679283,0.1314179353490735,294.99400933721233,0.045353240140852326,196.68645605100645
-8704800.0,114750.0,0.10535924145895545,0.08643211913300025,0.057687619453546626,0.2938077486280991,0.13310516776228748,294.80933259444043,0.049925504882939176,194.25115386536984
-8704800.0,124650.0,0.10725097286918873,0.0933932685586331,0.06023248053212632,0.3505135037730419,0.17204410921629176,296.0879310349211,0.06295555754784984,194.23020253994272
-8704800.0,129600.0,0.1077852031899418,0.08548330380927163,0.05819575226173757,0.26718968873987736,0.12910248026177926,295.7160605370447,0.045113301645238954,193.35155116176284
-8704800.0,139950.0,0.1080641558236883,0.09116987982152229,0.05847771074080513,0.3200583027454371,0.14742615863495226,295.7242652204039,0.053007321328161675,192.22231083466465
-8704800.0,154800.0,0.10738730125418726,0.08508548754451953,0.051050008217399676,0.30763333530900977,0.12565885788568648,296.4333512990564,0.04068073997217543,199.8377124460887
-8704800.0,159750.0,0.10717928949144487,0.09964053771661302,0.07118033741960307,0.34805863091873146,0.18595181985632875,295.71618791424265,0.0739752804917982,204.88218849279474
-8704800.0,164700.0,0.10707922770860165,0.08953200603477675,0.061004753705682875,0.2931377713356574,0.12997418122159501,293.85430097640284,0.050312913538749254,195.06887997000234
-8704800.0,169650.0,0.10711430793118819,0.09438453238720015,0.06316168306905995,0.34378223850682066,0.16670198355385074,295.3498409992536,0.06313457317806842,196.6375109504135
-8704800.0,174600.0,0.10728539343414999,0.08613319207166475,0.05497186162490347,0.29818437819227533,0.120241565575948,295.79224908848425,0.04001033165169515,197.25766204478762
-8704800.0,189900.0,0.10833057735350865,0.09610375229849372,0.066931653709769,0.33443030016134645,0.17189306776221625,295.9867122368929,0.06318915125526561,200.58499312907657
-8704800.0,194850.0,0.10866765258758541,0.09128642945479556,0.06546180682723463,0.29950549534165183,0.126086803564816,293.21147180373225,0.0458654288617694,202.37495692385883
-8704800.0,199800.0,0.10892949461509044,0.08786028599347237,0.056171750697604474,0.29782726579409685,0.130345380607913,295.9724203507979,0.0434926533296245,198.34083401575356
-8704800.0,204750.0,0.10909574084589979,0.08600972121102374,0.05740505055214698,0.2903331976129612,0.12816603414547853,295.83040454394666,0.042825732576535346,196.495783948182
-8704800.0,219600.0,0.10916667157744166,0.10218073721896209,0.06802630033086167,0.3800671118059036,0.19164954668697026,296.05053845909333,0.07124999272412957,200.10101782026396
-8704800.0,225000.0,0.10920305554322204,0.0866616270597674,0.05631076281457038,0.30311506446532677,0.14055978642655476,296.28358655051005,0.04732690048717675,197.30844737864663
-8704800.0,229950.0,0.10934665213426059,0.09356375991010267,0.059091512726230075,0.34516892385259396,0.15603212779955974,295.71145851950155,0.05700810587344797,198.94539322926406
-8704800.0,244800.0,0.11083529065300894,0.08909228589277413,0.06189886857151983,0.2890644431090367,0.143289757391389,295.8182154950285,0.05158426766720538,198.46715691432627
-8704800.0,264600.0,0.11472219502106829,0.08861236688268101,0.05917538367225868,0.28134903853735765,0.12477202677993224,296.22127645892675,0.04063357443357987,198.51942690494448
-8704800.0,274950.0,0.11628292361994806,0.09863404837268909,0.0630479562741011,0.3582327305842452,0.16727282022093198,296.1813158305083,0.05944152997077852,198.44831222290134
-8704800.0,279900.0,0.11662502054688538,0.09833494773746998,0.0686077409681061,0.3184964018415262,0.1421986674105915,293.89488793816344,0.05263291845153467,205.126444482337
-8699850.0,109800.0,0.10237845884390426,0.09191317763362364,0.06699900158924545,0.32019519295738963,0.16188074415256448,294.4351066594163,0.06444925534721402,200.6838085570684
-8699850.0,135000.0,0.10792251709682546,0.08809664900480531,0.06342754751560312,0.28664960146548785,0.1265513800316875,293.3394051554453,0.04829264334077263,197.17754888580646
-8699850.0,139950.0,0.10820294372436849,0.0908734128795857,0.06496051573892493,0.30160563855993366,0.14618518334455274,293.9943539159773,0.05812447398787005,195.16930319852204
-8699850.0,144900.0,0.10826773585127346,0.0885115330663257,0.05953715686187312,0.295859692083436,0.11962802330643649,294.30501485514986,0.043631988635754376,195.12644595251612
-8699850.0,159750.0,0.10789980397634161,0.08702739269922309,0.06218367178510052,0.2750364530723995,0.13347326760550773,294.6057193854553,0.05117511191799013,191.49413282434242
-8699850.0,184950.0,0.10869096651860213,0.08850892135313965,0.06272651362377277,0.2915848484177927,0.13784665588068276,295.0893612235627,0.04895865781120842,195.46525593755027
-8699850.0,189900.0,0.10906254259341346,0.0934025026702289,0.06678454039843745,0.31140285078487145,0.15353953306590426,293.65099413889624,0.0631021860509783,204.6581948601986
-8699850.0,194850.0,0.10939843700180238,0.09174732557363811,0.06924761764766177,0.30845081621280096,0.134008724464374,291.4976682609522,0.054815653014481,208.09872574693998
-8699850.0,199800.0,0.10965153816922686,0.09131776662227947,0.0588024368334623,0.32133543036659856,0.14880298692313,296.34468555400446,0.04954663741361403,199.69769928010922
-8699850.0,219600.0,0.10960672152864817,0.10219628076868831,0.0744552763450042,0.3545645277934103,0.17441492752403323,293.5166823474514,0.07336428110865259,209.43775946165303
-8699850.0,225000.0,0.10947733522418499,0.0885775064389016,0.05682724236339526,0.3110035120993349,0.1442946118810245,296.22261433475154,0.04936179690541012,198.66581354401617
-8699850.0,234900.0,0.1095644952393691,0.09352690431727834,0.06830544065238928,0.30729785954709776,0.162392008835517,294.4248167665787,0.06676518582528967,207.670370887709
-8699850.0,249750.0,0.11116563323228784,0.0879892203791193,0.0584362066324296,0.2923613256354194,0.131494966277185,295.71436969669486,0.046300685064195046,197.33305599737537
-8699850.0,294750.0,0.11581475058262661,0.09609430684886941,0.06776389421019773,0.30450290751381537,0.1534607465300245,294.9175567469131,0.0582280364338333,203.61513413151982
-8694900.0,135000.0,0.10749775695502127,0.09507523826617689,0.06794979027959795,0.33982440139887987,0.19138628188121926,297.0141827571902,0.0757928062151651,208.20241094204573
-8694900.0,139950.0,0.108051611842218,0.09677057565166,0.06802229769108015,0.3365639144257395,0.193283299236868,297.294199136504,0.07655866062015598,208.09331618815844
-8694900.0,144900.0,0.10835025099282186,0.08774847097189391,0.0570410674594585,0.2924554585645476,0.13047269593732327,295.4650315666887,0.046582585486065996,191.76255907745238
-8694900.0,174600.0,0.10860689436733445,0.09657505938711539,0.06193963701579607,0.3566007821185555,0.1761383505075155,296.2147816402256,0.0638668846546155,195.3383725190556
-8694900.0,184950.0,0.10925991154136099,0.08673456777837346,0.05634161892817445,0.29812730817064825,0.13226178597513627,296.2105865836271,0.04260423307283198,196.76731467547526
-8694900.0,189900.0,0.10963060117590735,0.09367546876644883,0.06166603648277942,0.33495774816731666,0.151907793644702,295.5869957981942,0.05402051786417715,198.01009933295592
-8694900.0,204750.0,0.1103101569139674,0.09018327868299743,0.05726166827838844,0.32638570998384053,0.14877779636755276,296.4252452787432,0.04937842687298687,200.10499616793345
-8694900.0,214650.0,0.11009861580004832,0.09236999097010355,0.06124054607693098,0.31225990515490415,0.13748876341640098,295.4102415817649,0.04755837619284463,199.97570458927655
-8694900.0,225000.0,0.10952092584298563,0.08796904058774585,0.059872076206672446,0.28730324589888173,0.130570661331407,295.2813008676697,0.0460516860549556,198.27599938248827
-8694900.0,229950.0,0.10929236474420131,0.0958079561470144,0.06720644991169056,0.3264369601459333,0.16157732665050775,295.02961832337866,0.0609409640537983,203.3319539276443
-8694900.0,234900.0,0.10920098375777575,0.08546734508619047,0.05508171302592245,0.27830942491460114,0.12943350562717,296.1445427611962,0.044524624627513755,198.16060114035858
-8694900.0,244800.0,0.10965940208357017,0.08678007982663767,0.05611954264696872,0.2872390303755117,0.11873047232855216,295.8829948264105,0.03919914831078375,197.7677970577732
-8694900.0,274950.0,0.11496206312711546,0.0974117540825782,0.0664097053938561,0.3247120504296854,0.1354941357494635,294.08144486953404,0.04946294628221513,203.94704346058467
-8685000.0,109800.0,0.09686872016623366,0.08607604826801984,0.06546712722199723,0.2916466899000754,0.15356810511274527,294.42222068022886,0.0667684708385833,203.62055640792227
-8685000.0,114750.0,0.09884015340948263,0.08102812837229682,0.05054658012173203,0.2881698211427938,0.11813458728551776,295.43661607589473,0.04199801815702145,208.7085406136751
-8685000.0,139950.0,0.10670642671091869,0.07996106701862382,0.0500543693215917,0.24095140509394158,0.1143951267257425,296.4467841573402,0.039655163443222376,200.42038663862314
-8685000.0,154800.0,0.10817528087788479,0.0972454436332981,0.06985644411126177,0.3312827050956287,0.17544744354078223,295.6650957470319,0.06701363830272292,202.21558124880733
-8685000.0,159750.0,0.1083497477336756,0.08774847097189391,0.0570410674594585,0.2924554585645476,0.13047269593732327,295.4649766777779,0.046582585486065996,190.85271599837955
-8685000.0,184950.0,0.10967890064219195,0.09886787702126706,0.07667308061437875,0.3470640809135765,0.18309024646814548,294.4483888638386,0.08025001138652232,208.7876775359304
-8685000.0,189900.0,0.110082567750986,0.09839708621543594,0.07640969033721562,0.3357590586076613,0.19982228516234174,297.0435805755355,0.08367281615130973,208.2637941247207
-8685000.0,199800.0,0.11065125861488204,0.0907550998581046,0.0598102965387098,0.31969208837569196,0.14687765515036624,296.0231777723085,0.050635931583900805,198.31900254527847
-8685000.0,214650.0,0.11013861806570849,0.09246378220080989,0.0575754958839979,0.3441568602738449,0.1551587072984995,296.52078429345323,0.051077828205958097,200.2999325191924
-8685000.0,225000.0,0.10885672947829675,0.09043495840752727,0.06391532294439335,0.30128870637990396,0.13627823855770227,294.4492078766476,0.04888128983827133,200.19873647950246
-8685000.0,259650.0,0.10862309293122914,0.08446490962498451,0.05382719562820028,0.27255079814103317,0.12526089592476,296.25749053449294,0.04199084524904988,199.88176915777996
-8685000.0,264600.0,0.10958218119494213,0.09193799199299173,0.061059275316094175,0.3005710029904481,0.13206614047509224,294.5516132080971,0.04927026774711345,200.57089714424444
-8685000.0,284850.0,0.11323125036589994,0.0894748209624503,0.06208664136575097,0.2870488953733472,0.12760380089796824,295.1448562100482,0.04514369864206898,200.86758813525154
-8685000.0,289800.0,0.11357304603790905,0.08580854974214888,0.05680632665153852,0.26751615964767683,0.11099280730528624,296.2461273865079,0.0353206913066842,202.3734543075405
-8679600.0,99900.0,0.09178174764021282,0.08802566895390852,0.05668389255124385,0.35506154146902547,0.18237508799806199,297.2808053214364,0.07208195401095056,217.97723906609673
-8679600.0,109800.0,0.09510992593552223,0.0856410388445402,0.05831726807206535,0.32137995711327705,0.139425154486852,293.670978446591,0.05400120397595042,209.18700232942018
-8679600.0,114750.0,0.09704549283358678,0.0896914664110785,0.06449214453649003,0.31397464127525015,0.15577461484724575,293.87066277311015,0.06750163527392819,203.03547836249513
-8679600.0,164700.0,0.10788683215413915,0.0867490836888614,0.05798177410560054,0.2952660247995416,0.12987847672534497,295.2354081243675,0.04608276766494885,189.3264407438425
-8679600.0,169650.0,0.10816490112409392,0.0882528085947291,0.0558462765187363,0.31664601273362025,0.11677783300598246,296.1683208517985,0.03560852476606642,200.45830812500054
-8679600.0,174600.0,0.10850256464548226,0.0950771473060432,0.05930668816828337,0.3681632312003978,0.1698661155904575,295.8144660253215,0.06218894037047242,194.3135823868687
-8679600.0,184950.0,0.10941329927973535,0.08828948158815035,0.05716593459831455,0.30744922567496713,0.1266665323128265,295.8704888552935,0.041363348691740076,196.88095005815012
-8679600.0,189900.0,0.10986993257403858,0.09859348769851731,0.06679930188295714,0.34877464902323313,0.18448387935004826,296.39868149345006,0.07000493681709202,198.1553560505125
-8679600.0,199800.0,0.11048222158769665,0.09455634933119667,0.0639427261322347,0.3177950392535183,0.14869845860234676,294.9062136677191,0.05548481643317198,198.96068809775517
-8679600.0,219600.0,0.10903991450720966,0.09160046503296028,0.0640528401869763,0.3003200372121333,0.136382558949711,294.1886303478845,0.05047191479029762,200.21227830347252
-8679600.0,254700.0,0.10555433745511604,0.09296506445318475,0.06823157783650065,0.32017355187315844,0.16279780926002152,294.0921453485526,0.0659769413087993,206.8165411151686
-8679600.0,264600.0,0.10708485780557533,0.08876722291339328,0.05894069709139883,0.30900465669655774,0.14841501044651675,295.95611808613705,0.05220974703299575,198.8885818140919
-8679600.0,279900.0,0.11031713590639049,0.08707828789233879,0.05487967981789803,0.3088208388628266,0.1230133411839915,296.21131947581836,0.03994677152346687,200.52631682185455
-8679600.0,289800.0,0.11169030235793835,0.09627300693635048,0.06485466533552088,0.3356593136566389,0.15789396049005675,295.49603878941724,0.0570279727978005,202.22485052985502
-8674650.0,104850.0,0.09215381828756554,0.08188472934772,0.057620209750135445,0.2860456202543623,0.136555003940834,294.34558678632135,0.0544121465197465,219.12972609796583
-8674650.0,124650.0,0.09931302194946283,0.08541207931295146,0.05965661286983785,0.3058819055587014,0.1571294797431695,295.45870959024546,0.06416275368090829,192.33470623254073
-8674650.0,129600.0,0.10102034043871429,0.09379505396622535,0.06682968482157962,0.329243702527757,0.17181443510124925,294.8813338564371,0.0721265491141885,206.6366869691122
-8674650.0,135000.0,0.10264466730085108,0.08604582820160728,0.053462696487475495,0.32310085086971846,0.1491825698858165,296.2483593505672,0.051048631717428225,190.60428119297345
-8674650.0,144900.0,0.1048313920770976,0.09431539842605696,0.06662746830067598,0.33211257980638265,0.17406278877239872,295.3143784266628,0.07007908774171957,202.25072651346642
-8674650.0,174600.0,0.10773088421356976,0.09212205833977336,0.06954997596582363,0.3079687198665863,0.13194474694070876,290.4859190303684,0.0573433457100438,208.68342587116993
-8674650.0,184950.0,0.10884303634746242,0.09193991253612654,0.06329317515838842,0.31662408541431614,0.1497181868444445,294.7729506212338,0.0567048344591589,193.53312097179207
-8674650.0,189900.0,0.10937528376264555,0.09047986689593665,0.05761682646531523,0.3303356217267116,0.14846271164784,296.3046902862535,0.04938921509180183,197.72901913032686
-8674650.0,199800.0,0.11006754640984687,0.09823220363222143,0.06468679991163737,0.3602240807656729,0.17895536441611198,295.54415015930965,0.07145169826090755,197.94938209362203
-8674650.0,219600.0,0.108317030002207,0.0824559238774625,0.05107615558906267,0.2681510949383198,0.10649007149945952,296.502863522756,0.033843363372652924,200.37459868071292
-8674650.0,225000.0,0.10715054258541584,0.08268259443585771,0.05419741666497607,0.2589044220461214,0.11474663980002675,295.96064509584045,0.038202688549600725,198.75758917081546
-8674650.0,229950.0,0.10599894990772367,0.08273731647007247,0.05418886864037025,0.2655632830624979,0.126655690152522,296.1843510820263,0.04278397332065197,197.9662043384031
-8674650.0,249750.0,0.10309259171024934,0.08235298739177005,0.05137632271640747,0.27797211318865694,0.126827768361044,296.00822121244806,0.044642666818721324,199.31280263386185
-8674650.0,254700.0,0.10322273390031991,0.0878132868266828,0.06283447230375261,0.301016843724387,0.1835279127205335,297.8431461438396,0.07850856257893594,206.83477343716302
-8674650.0,274950.0,0.10683494584522642,0.09135376397903608,0.0595940902138693,0.3194846495877309,0.155404584565775,295.7908776403197,0.0573452636525302,200.39508302022548
-8669700.0,124650.0,0.09778712839433519,0.07517138112326588,0.047050324785846004,0.24435931335939573,0.11489384288622576,296.3871059736738,0.03920253940330017,205.27891994763885
-8669700.0,129600.0,0.0993840323601885,0.08196696179982023,0.05567206072347245,0.2838190452543485,0.1284678619918335,294.67208236640624,0.04652232619624222,200.91979837418063
-8669700.0,135000.0,0.10093506658022225,0.09528071095788837,0.06890575506337498,0.34196002533319697,0.19977468115110775,297.8075544900087,0.08402855933550928,224.94269693400113
-8669700.0,139950.0,0.10213523362499327,0.09003217603847566,0.06255905254262628,0.32258735973770314,0.13666299238319224,293.6662822844457,0.0498421776958786,194.2061953480365
-8669700.0,144900.0,0.10311183722734273,0.08271488203594032,0.051186491072400475,0.29579702766055,0.1314002205008245,296.3179837369576,0.042819511622992225,194.44216258900647
-8669700.0,154800.0,0.10450119364260987,0.09110189250552755,0.05890550540874882,0.3433288216833545,0.15479890889677275,295.2383472295318,0.057080695532693425,189.41662378155303
-8669700.0,194850.0,0.1091218384413648,0.09566113123419277,0.06707155465456395,0.33892284672105794,0.1652086094144075,293.807165463007,0.06915562184372023,202.53765242858583
-8669700.0,225000.0,0.10604467263402349,0.08470953668069375,0.05690764624923982,0.28161077604261997,0.13293130490373675,295.4784428536914,0.048366429849719846,197.4190744890134
-8669700.0,244800.0,0.1013021937276546,0.0803016393462799,0.05645117545177683,0.264877725730975,0.12835274961872825,295.46137881123684,0.044401687814429776,200.06852386365364
-8669700.0,249750.0,0.10082076264860586,0.08806898465403817,0.056339548402707246,0.3359296983932424,0.165569960477256,296.1793984900186,0.062046881966727245,200.77581174960483
-8669700.0,259650.0,0.10114475596315571,0.07885365240244846,0.05286978736801502,0.262631812398533,0.11822003009013975,295.1256963736478,0.04273946674275887,200.37067617800292
-8669700.0,274950.0,0.10421459043258627,0.08274588410441838,0.054995888547315075,0.276462821720022,0.1414440650922285,296.4064567701194,0.05104551164183355,202.10076739391283
-8664750.0,94950.0,0.08956686924685799,0.07150956337807915,0.045667771704954674,0.25320229395688143,0.11437590320911827,295.89268658649974,0.03839738425691067,224.8154379303188
-8664750.0,129600.0,0.09778865452652147,0.07517138112326588,0.047050324785846004,0.24435931335939573,0.11489384288622576,296.38718798671687,0.03920253940330017,203.76318998199756
-8664750.0,135000.0,0.0991717639008056,0.08523880657087782,0.06202177163513737,0.290662006216362,0.13964533698322049,293.4236524879476,0.05858041237991898,196.89843615524762
-8664750.0,154800.0,0.10261010597766854,0.07928801605830739,0.049577071378746396,0.2623726600230604,0.11582309282790926,296.3811467510121,0.037938864238753825,197.3483538570295
-8664750.0,159750.0,0.10320728476324968,0.08497733866502964,0.06008312358249032,0.2858711082162292,0.13349105440622877,294.3609792106408,0.04967050779678873,186.44746459613168
-8664750.0,164700.0,0.10380615790694143,0.08459574987615158,0.06105671050750675,0.28194707087904636,0.13853504453338478,294.3809018090328,0.05580240101153998,184.86548967543433
-8664750.0,169650.0,0.10445404892791245,0.08456702860694335,0.0545133250646888,0.29794734715783355,0.14410104979223598,296.3579791408599,0.048764380840254556,186.9407131175578
-8664750.0,225000.0,0.10480955305265621,0.08387693292774023,0.054399791967803104,0.2806742576339245,0.13187849151411324,295.916010787,0.0460480961095664,197.69558076626456
-8664750.0,229950.0,0.10323839103109968,0.08273950591172385,0.05006010764099482,0.3111626077466791,0.13088010917225024,296.4512272628292,0.04196155459210019,198.53330559388752
-8664750.0,234900.0,0.10167754609678488,0.09585442413745157,0.0676157161119228,0.34376853395277196,0.18405558847894474,296.13147347256717,0.07317116533194273,203.2043862814302
-8664750.0,249750.0,0.09850914454211081,0.08190628854510273,0.05246874302292805,0.30164373876118966,0.138062939484999,295.7481338683502,0.049704748571564074,199.8317891553666
-8654850.0,94950.0,0.09072697835920412,0.07123668629964057,0.046680485995445796,0.23495855801104737,0.1109832177949129,295.622599162423,0.03903971782439613,223.95205099688
-8654850.0,99900.0,0.09085102892808646,0.0728919494328589,0.04715864479521473,0.2650206598826425,0.12363684217636849,295.96213588237725,0.04194983833007153,219.62051408169083
-8654850.0,124650.0,0.09408194970903741,0.08468223618221213,0.059896561491915024,0.31080915381533275,0.17154854341502251,296.9669427205852,0.06800428097854655,216.71398902334465
-8654850.0,135000.0,0.0957429053713161,0.07660477325666698,0.05218545854288632,0.27047867627714894,0.1143656089316625,294.265571128696,0.040670491773120675,209.21229114655105
-8654850.0,164700.0,0.09977231287979,0.08257483470563576,0.05472289058852705,0.2927924704069052,0.15059059011988973,296.39792016144105,0.05670751175935942,189.0567428627716
-8654850.0,184950.0,0.10406987726346037,0.08817206213155848,0.054014284071327426,0.34850565980073184,0.14829914592156723,296.36388467825435,0.047248356038887246,196.03452580355295
-8654850.0,189900.0,0.10512332427820063,0.08892221305847338,0.0597424557715862,0.30818819394191765,0.1302339540280015,294.5853000789851,0.045643982178139024,192.3441156916408
-8654850.0,194850.0,0.10597148371346211,0.08845892088543494,0.05542420939321877,0.33091716046014374,0.1491677401993465,296.34637175831665,0.0484975665157274,195.7767745102474
-8654850.0,199800.0,0.10649613282064804,0.09686904492537206,0.06524908910379411,0.35290002195994674,0.187889928811291,296.8573411247958,0.06850174204368008,197.7272392470252
-8654850.0,219600.0,0.10399686186697676,0.08896165716229676,0.057834024812799326,0.3235540125293818,0.1454704612813075,295.4164661124847,0.05167643249290695,198.6776099752736
-8654850.0,225000.0,0.10214041641558332,0.08431408230794724,0.05736098401200422,0.29293196466498966,0.13302495954991775,295.0005768430057,0.0467450884608068,200.12618447749384
-8654850.0,229950.0,0.10022973191828627,0.09130372390879266,0.06955278861272635,0.3237204507195093,0.16600320994248752,294.6553077337371,0.06485827086719807,205.36513078559722
-8654850.0,244800.0,0.09507183484993205,0.08821275384460797,0.06410986490357984,0.3205635597563449,0.1809389381084635,296.90572641545606,0.07449523714415435,211.37847939396144
-8649900.0,84600.0,0.09230547860373278,0.07732367536692795,0.047029996946846224,0.3152596342707058,0.13939923310580374,296.5976975733493,0.04515132894384918,208.36000076322568
-8649900.0,104850.0,0.09155291099310155,0.07630736803585803,0.05454826284423115,0.2777516335926966,0.12341457385571974,292.95298023103817,0.04873776407992327,226.73905603141628
-8649900.0,109800.0,0.09181504440743568,0.07815257360302347,0.04583683075194585,0.3009272529840733,0.13001893789844723,296.588569019138,0.0421268714160533,210.65207361363997
-8649900.0,135000.0,0.09415226256077401,0.090560413142266,0.06772538619236915,0.3241725368266756,0.17838872661498276,295.8134776452994,0.07644104814946573,225.34432039478253
-8649900.0,144900.0,0.09506465882029842,0.07961230435588976,0.054209844766541844,0.29091546166577054,0.12988089373610223,294.4759490122629,0.0476853101975214,207.00904319020185
-8649900.0,159750.0,0.09680221785991405,0.07563389179772015,0.049140009967983275,0.26254225583661184,0.11651171448841974,295.62161227233395,0.040530869097805504,194.90551723454433
-8649900.0,189900.0,0.10377982303602279,0.09484894720980742,0.06069630836243922,0.3754741421832577,0.17511397583191377,295.7500846681662,0.06267485883323702,197.14435136267727
-8649900.0,204750.0,0.10551615315241102,0.08129815276244907,0.048425797459394126,0.2655279993193159,0.11382855511393047,296.59470369450975,0.036435998706394426,198.858439420014
-8649900.0,225000.0,0.10079896720591969,0.089525460935548,0.06319505176005988,0.3156384087029389,0.149352682057271,293.88101476946764,0.059580835724930926,201.97526000864667
-8649900.0,229950.0,0.09875154173513652,0.08339114899066555,0.05633954840270725,0.2928001221513081,0.13563755134279326,294.85450814282785,0.0500604780042258,203.9173214825962
-8649900.0,244800.0,0.0931702708193416,0.09085317600682442,0.06519182655545117,0.34193436729413984,0.19570784218097,297.73510942394813,0.08468154227745667,214.99832951962523
-8644950.0,79650.0,0.09396907411780982,0.06949687072199885,0.0427352581465945,0.21900196820221646,0.09712626028693533,296.3594622340219,0.03237999059093935,216.32551311732763
-8644950.0,94950.0,0.09226490384436314,0.08386466409936194,0.05185564470624835,0.3439185137073973,0.15812917620813874,296.2878584431301,0.0577128225883784,213.587905098484
-8644950.0,99900.0,0.09201494198653556,0.07320844070392252,0.0495069874850734,0.25310025917892454,0.12165151626126351,295.19784426487786,0.0446592283949606,219.59403813177505
-8644950.0,104850.0,0.09189839342031317,0.07831445163823125,0.055256596097808225,0.280073762482852,0.12161490030583978,293.0305933369046,0.04636005233285933,226.8765475271426
-8644950.0,114750.0,0.09197218750463744,0.07344742042786317,0.05212596547974074,0.26530430047797726,0.11995355153933052,293.5513288892679,0.04603961721397485,218.87667736931306
-8644950.0,129600.0,0.09244918110949997,0.07752894275998848,0.05052484768938735,0.28789369713047,0.136708129688393,295.8905680621684,0.04931552918042512,209.710750478114
-8644950.0,135000.0,0.09265466585442016,0.07440382982196105,0.05176163421184943,0.2524348246325532,0.11125355015650926,293.4203173844724,0.0421431264325721,209.76692411833267
-8644950.0,159750.0,0.09467604777431837,0.07527195035605502,0.04574747411243222,0.27027347844934957,0.120145366658264,296.43319997427255,0.039160480450767574,196.24602275948328
-8644950.0,164700.0,0.0955813600652956,0.0781129572183073,0.05801901316841472,0.2655218449311821,0.12233147120737425,292.3219798383536,0.050530622516627925,208.30619719717305
-8644950.0,169650.0,0.09671068876599749,0.08076519580583755,0.05055382236236022,0.3007464234086999,0.1527764589826205,296.98507019924205,0.050884558039339875,195.89223067270174
-8644950.0,184950.0,0.10110567040376514,0.0819866097788538,0.05246463307408633,0.29397060915295653,0.138842120258025,296.2644924801883,0.0470658065922371,190.87307388170228
-8644950.0,189900.0,0.10246794077811355,0.09428211770213762,0.0737395885974199,0.32654608714939165,0.18866231367638325,296.813187843175,0.09113145701309627,212.03396916471763
-8644950.0,194850.0,0.1035685715489122,0.09434629087998644,0.06495588115399,0.34739870655022104,0.185059897520851,296.53063519444424,0.0708901903890831,199.77658958737334
-8644950.0,199800.0,0.10426934770111558,0.08805580179424347,0.06058818074034642,0.30823494562823167,0.14744351075805,294.75178921851585,0.0569776246128719,191.97023450381894
-8644950.0,214650.0,0.10310304670036943,0.08813320593836071,0.054217184061437246,0.33700187700768897,0.14514446751829527,296.20672370399825,0.04695260485954737,200.41016949211408
-8644950.0,234900.0,0.09515001026341718,0.09086922889909795,0.07340463561196685,0.3236495454455861,0.19357353343199102,297.37207857334164,0.09115414873408495,215.49376836566145
-8644950.0,244800.0,0.09142801717823262,0.0803229742971171,0.0500341519336274,0.32086486887661914,0.15078207860141524,296.38902172656776,0.0562903708144724,207.13462325153492
-8640000.0,84600.0,0.09407055343182982,0.07387900215366741,0.048512931982207075,0.2508002335736685,0.11356837938978726,295.4693387134306,0.03955451332689758,218.6950763752596
-8640000.0,99900.0,0.09244915946713178,0.07752894275998848,0.05052484768938735,0.28789369713047,0.136708129688393,295.89056771728235,0.04931552918042512,214.62749766199403
-8640000.0,104850.0,0.09212782491581469,0.07484370956649705,0.04817918171925273,0.26072338819182905,0.11622008709780475,295.30954493529305,0.04128443889362938,219.22619812066984
-8640000.0,109800.0,0.09188218488294679,0.08067723763429535,0.05077465472598447,0.3218330675181545,0.14363117192579378,296.0496273138501,0.049529748023848096,210.34316177369993
-8640000.0,114750.0,0.09169277190311262,0.086510807700029,0.0612095564878209,0.3362639620699164,0.181510406526105,296.99068757208863,0.07251171620387051,233.86583767412168
-8640000.0,124650.0,0.09141531274269321,0.0857857535531662,0.05730540196266282,0.3315791923361679,0.16911937995235998,296.6283433861866,0.06537928480597288,218.0312386184233
-8640000.0,129600.0,0.09131145545096953,0.0770967311461569,0.0492565348357802,0.3064065288787555,0.13845110331523225,295.97334084039727,0.04848709344421635,207.52524337268852
-8640000.0,135000.0,0.0912355653514709,0.06740893788248944,0.04157544446769665,0.2100441308621241,0.08883614397573852,295.8536055451077,0.030047715352330147,206.3690990884921
-8640000.0,144900.0,0.09131953941462376,0.07228704076806443,0.045819372764646905,0.25514990634482776,0.11919410257277749,296.30558481780184,0.03933885258355635,205.59859911467063
-8640000.0,154800.0,0.09200439789308372,0.075845401460328,0.047357554290162925,0.29481104842770733,0.131682497179417,296.29791574743905,0.042877957921619275,202.16318226638592
-8640000.0,164700.0,0.09365793945848538,0.07678218125027694,0.0521323153731491,0.27743056327966126,0.1325868505722755,295.4492644184353,0.04792621829486663,202.62797093533536
-8640000.0,174600.0,0.09635407221675284,0.07420783556217883,0.047729531222611296,0.24703077103987617,0.11886720595476599,296.305966041819,0.04066343744315798,192.668231563185
-8640000.0,189900.0,0.10125683468790989,0.0772074211579476,0.052165701151585975,0.2511091827811976,0.11189570247824512,295.55835923006856,0.037727296683057826,194.97817106125953
-8640000.0,194850.0,0.10247338532254187,0.09945763575070235,0.07419318997475105,0.35698050750975374,0.19384740891476174,295.8115038680446,0.0826670671961998,209.3607964867742
-8640000.0,199800.0,0.10325365388270127,0.08196454266016347,0.0532335854714932,0.29560335663053233,0.133994357260895,295.8438089655204,0.04764499951437408,192.85850732881187
-8640000.0,214650.0,0.1020826098403231,0.08298299740928912,0.055275637421995094,0.28174267851990115,0.14362202555800574,296.5458265290669,0.049183447499764124,198.9384186037965
-8640000.0,219600.0,0.10051651869567088,0.08619227026245775,0.05988806074352025,0.301753945526148,0.1554924088297445,295.37961757112856,0.06390249579324155,203.34090967438166
-8634600.0,74700.0,0.09637580384522292,0.08204517058930767,0.0536488657068364,0.3080154622692177,0.146190972058618,295.7428483865523,0.05509466213332333,211.2139322233059
-8634600.0,94950.0,0.09326449699522543,0.07985943882043212,0.05347711744828759,0.3021056571690679,0.132667261238358,294.6666961589788,0.04837275761353323,219.80447742737448
-8634600.0,99900.0,0.09267718269075127,0.07374149530852087,0.04303375962681528,0.28333378352691907,0.12685744307831726,296.511239694496,0.042999686892506654,211.17545285415358
-8634600.0,109800.0,0.09167146555372813,0.08041031307194904,0.05374828008043848,0.30695524326744,0.14907122537907552,295.8947284576647,0.0567133765215475,215.9967612325237
-8634600.0,114750.0,0.09122965493293371,0.07808114786095845,0.05166924674332597,0.30729299559242135,0.14226514959228875,295.6284864779493,0.052343969661298145,212.95625137279055
-8634600.0,124650.0,0.09042751700058752,0.077394055216509,0.04810929814350408,0.31076828687968616,0.14006671737111248,296.1314132763283,0.050636623934873025,207.5248588414818
-8634600.0,139950.0,0.08955515716429362,0.0680114702531004,0.04365561098088422,0.2190482326666557,0.09777082005245664,295.61170877143803,0.03350168718889157,209.3745179993269
-8634600.0,144900.0,0.08950295786723687,0.07253366454518179,0.04929162746763328,0.26073941884380036,0.11252170760840999,293.93090888855266,0.04140663038487112,211.0443301023542
-8634600.0,159750.0,0.09076572954998628,0.08718811293789763,0.06362886001229022,0.33322701485454315,0.1755256782862475,295.95648755119686,0.07328910917822157,220.4065100522455
-8634600.0,174600.0,0.09474574762894902,0.08182097930134855,0.048805173874945824,0.3251541899221475,0.13928112263151202,296.4458541987197,0.04627894208884635,199.88894977854025
-8634600.0,184950.0,0.09847153972915235,0.07803061142648152,0.049579265524247296,0.2735642011048448,0.1305418562132275,296.4658429405089,0.04343703879373978,194.17283221883403
-8634600.0,194850.0,0.10144633465490477,0.09271603580053771,0.0662259912543349,0.3279186380687471,0.15354896503239698,293.62886186497644,0.061002590132190726,200.8301664153616
-8634600.0,219600.0,0.09947746303607063,0.07646735730846164,0.04983627287702287,0.24463997399785314,0.10643421939773652,295.316693277605,0.0383224534983115,199.722436736633
-8634600.0,225000.0,0.09719012379531074,0.0952682511552477,0.06781003484810383,0.3469802458309595,0.16093519021527797,294.610178732386,0.06178287972141495,206.9859819861045
-8634600.0,244800.0,0.08843645516217603,0.07477362219701868,0.048819131614125044,0.2913249661481847,0.130048088823076,294.80234400531776,0.05083355993132543,209.00714200720827
-8624700.0,64800.0,0.09925283697256135,0.09245693010693615,0.06408279718422558,0.33962238823777996,0.17776020935759976,295.7562467560454,0.08124108785384435,224.6081909291718
-8624700.0,79650.0,0.09633195177310785,0.08161316157735027,0.051835728195225,0.305657120232762,0.14283749380692523,296.2646178910419,0.04853803043313823,205.79349077236074
-8624700.0,94950.0,0.09329138004800437,0.08615633304404262,0.06599447318989048,0.30202592180874444,0.169075841265918,296.04198250568606,0.06987146308475035,229.64613390417867
-8624700.0,99900.0,0.09236309092601776,0.08497766699779855,0.057508058207727204,0.32089456718881165,0.1647747355229975,296.37534506824966,0.06590937655575607,221.88230049824438
-8624700.0,104850.0,0.0914724560486286,0.08032244717955958,0.05236160034282965,0.3137835638280895,0.1438390352543475,295.5576379000027,0.053645795604952556,214.07925927193995
-8624700.0,114750.0,0.08981294990335469,0.07109311649906175,0.04623851205765333,0.2496670310823442,0.1223939625760835,296.2744461263982,0.041426924158634526,221.63516303262068
-8624700.0,124650.0,0.08834375499538849,0.08289006165746834,0.05791217826155062,0.3203418203746397,0.16093408638845424,295.80589020801017,0.06837853001161538,224.1020224073012
-8624700.0,129600.0,0.08771218434797046,0.07205266172304958,0.04825701258918282,0.27424915823628543,0.1294662780743635,295.49483369178574,0.04589852859168238,217.9666501729837
-8624700.0,135000.0,0.08714495523888328,0.0762052601716649,0.05472085509671482,0.27261566553152455,0.14284175695749515,295.71975675605637,0.06078723021584907,229.3610352104786
-8624700.0,144900.0,0.08663049972424881,0.07058965892199726,0.0456984928917776,0.26348348824266293,0.12623290964567951,295.87778787143316,0.04457669953996985,218.7683820733158
-8624700.0,154800.0,0.0871857662137168,0.07423055033738832,0.04553428589004738,0.30491462579429834,0.13988199376655125,296.40422698623973,0.04979305232191585,208.2398084794488
-8624700.0,164700.0,0.08918267507509904,0.07211027801942921,0.048180292598941174,0.25826277392982977,0.11605435009309575,294.69573651803296,0.0421255705827654,207.0986625558261
-8624700.0,174600.0,0.09257180456154446,0.0756610553677874,0.0484247216459431,0.2675650814911408,0.12467794149839326,295.9603533288576,0.042820021273377654,203.62715754745236
-8624700.0,189900.0,0.09866199416337654,0.09464294925450514,0.07230327827593815,0.34049032617849667,0.201864788482781,297.68562416309396,0.0871931703067602,219.86695760281538
-8624700.0,225000.0,0.09572664897257703,0.07773760057409505,0.05590215574469945,0.27069210296622226,0.12538188034765524,294.28339007236906,0.04460613914717435,210.55113656560724
-8624700.0,234900.0,0.09076154708219397,0.07564791813206345,0.050193922981817324,0.28371883496101263,0.13624401191853724,295.85909734508084,0.04889071387759805,211.70016280240094
-8619750.0,45000.0,0.10265453575839631,0.09432333455571365,0.06696236202095428,0.34126310805109067,0.179500533580806,295.9714051991856,0.06885795840076317,218.58236071523677
-8619750.0,69750.0,0.09879158707652513,0.09432071007066112,0.06394437132913883,0.35701848701918243,0.17065160806713803,294.863664070371,0.0675107977013969,226.4785858678678
-8619750.0,74700.0,0.09773486979205903,0.08117890106675543,0.04997792117097228,0.3020432331962966,0.13199588247545924,296.3379590948964,0.04208558291713292,204.0553000209428
-8619750.0,99900.0,0.09193776072678231,0.07290655664317863,0.046888131799507876,0.26315670982316897,0.11629598306799824,295.86942713452675,0.0384495627185039,216.28736783144947
-8619750.0,104850.0,0.09085729677437178,0.08488411742548463,0.05957916589033413,0.3139186783548767,0.15505374828392998,294.98768992038134,0.06694711377107647,227.7368720903247
-8619750.0,109800.0,0.08983160853830073,0.07583690882512638,0.04981209196207062,0.29518863357052477,0.14477609221248125,296.33506378766765,0.05244592735596923,211.5277969203644
-8619750.0,114750.0,0.08887085257083997,0.07164118768480868,0.04684623163780088,0.2581296743583175,0.10833334905493486,294.8390366766932,0.03753967141529485,219.55377796529189
-8619750.0,124650.0,0.0871876931579855,0.07423055033738832,0.04553428589004738,0.30491462579429834,0.13988199376655125,296.40424653284464,0.04979305232191585,208.95831740416816
-8619750.0,129600.0,0.08649805750900165,0.07652970250252794,0.052746429395304925,0.2978031418326724,0.15159823165007374,296.3731380878917,0.05794397125782255,221.41697428141447
-8619750.0,135000.0,0.08590336360847028,0.07316702034451453,0.049334893070717326,0.28316835384789124,0.1054405498649791,292.59357949180725,0.03989709223297942,220.89281224151276
-8619750.0,139950.0,0.08554682021075277,0.06481551101617193,0.039567980458814545,0.24242356024800757,0.1019417365768863,296.0729045635951,0.03520275810190958,216.05136357641982
-8619750.0,154800.0,0.08609871735507373,0.08189262565475575,0.054480737053055533,0.3343477061477461,0.17097773852478876,296.9696900303758,0.06509567972642193,213.864916198889
-8619750.0,169650.0,0.08992394575256288,0.07528315384146225,0.04705415418487802,0.3042002477684695,0.1397099044313275,296.3050925865914,0.04913875083336785,207.85380123795153
-8619750.0,184950.0,0.09630887505901048,0.0844799906903293,0.05560126221104355,0.32668067536126527,0.14537646467998727,295.33500308373135,0.05048748864802982,203.07387213170773
-8619750.0,189900.0,0.09824411034770267,0.0967274701554133,0.07216205417120272,0.34683156088027517,0.21233126744892428,298.29023186626665,0.08660313744353913,220.08791606795685
-8619750.0,199800.0,0.1007994659372666,0.08787486213330058,0.0620716803332676,0.3113248507785021,0.150557659296601,294.68156745112805,0.0575479854292486,204.0651473311261
-8619750.0,219600.0,0.0978119779603165,0.08665574026390302,0.0648276962145128,0.3060927035807139,0.15876284614167652,294.22251890815215,0.0700196190322061,212.7947564487668
-8619750.0,234900.0,0.0903383042185916,0.0860409067912291,0.0633588215671849,0.33030609245475323,0.19417950820584173,298.0072155496627,0.08426573169293795,229.21057622816056
-8614800.0,49950.0,0.10260889061295576,0.09424754207352302,0.0699757258143091,0.3304934933307779,0.16433576487528023,293.2505756267202,0.06958778751631887,217.88761331938392
-8614800.0,54900.0,0.10199820918892079,0.08680912240444093,0.05777067786253915,0.30279621003505064,0.15130983424750324,295.6744938262628,0.05839013526641365,209.4538328878429
-8614800.0,74700.0,0.09817463017170423,0.0828877058792235,0.05120071724619477,0.3306212891594303,0.1450043325585175,296.1055463315532,0.0519573230137605,201.45375646129503
-8614800.0,79650.0,0.09693211210264571,0.0936687131696213,0.06868526287450041,0.32802774386820155,0.194939268080242,297.7173843470858,0.0811532735305307,227.74387520406424
-8614800.0,84600.0,0.09561909694056095,0.0888378379411716,0.06859091695215663,0.30764513793613496,0.18084952118499875,296.63137855541305,0.08227396630012307,228.17177232235912
-8614800.0,94950.0,0.09278085443064596,0.0803448027642983,0.05416471423261378,0.30416739517116614,0.1366613059449905,294.583949418851,0.05208327430936098,217.29250444478245
-8614800.0,109800.0,0.08896473784018948,0.06978349421782147,0.047321786270019976,0.23999157268485294,0.11214625966814,295.5262451575248,0.03720821130648147,221.50382853349214
-8614800.0,114750.0,0.08786243641064274,0.08585850871756426,0.06341050487300698,0.3206255537260068,0.16895462160584673,295.717038532343,0.07198132444849446,231.80628696276645
-8614800.0,124650.0,0.08601799925441837,0.06519190161036778,0.04093041038299883,0.22740161888176197,0.09616981504349767,295.61325731981486,0.03261643702829575,218.5230325855144
-8614800.0,129600.0,0.08530930535495763,0.0707199499870043,0.04099726809906048,0.27680797628965,0.126831802974838,296.7393879684087,0.0418432545884494,219.95731015261111
-8614800.0,139950.0,0.08442712956695902,0.06556646992168286,0.0398165823600873,0.2389226196575504,0.11061964609521349,296.81925703803574,0.035456684349574025,218.96397130014006
-8614800.0,144900.0,0.08437423312901668,0.06558956272377785,0.0398165823600873,0.23604345929772688,0.1161529342156195,296.85166395234484,0.0395209364301448,220.2482385506337
-8614800.0,159750.0,0.08621574034007377,0.07735833190333165,0.05944895635276948,0.2767719295319222,0.165760723296773,297.3553635502422,0.07595395143179101,218.59869350531346
-8614800.0,174600.0,0.09137696186432602,0.06550063366726297,0.04364742596529719,0.20061873403733899,0.0793063688659428,294.4571420130913,0.02679970508128937,209.74399514237342
-8614800.0,194850.0,0.09959304736465535,0.08711388878359574,0.06079119267861467,0.3081662404099507,0.145957656415825,293.92977187298624,0.059791115355999847,206.99630667816777
-8614800.0,199800.0,0.10063647810096452,0.07677311645165794,0.05184793398012283,0.25715408683615354,0.11547653120663849,295.3927872392377,0.040537201524544375,203.02381474345177
-8609850.0,129600.0,0.08420308114842916,0.06559000161659923,0.03954016202496077,0.24267343836196556,0.10547484855272463,296.50678947025796,0.034012354432729104,220.76476782567715
-8609850.0,135000.0,0.0836775294158194,0.0631397469500547,0.038377872662485546,0.22687520313842152,0.10237828786559497,296.51296812319055,0.03405751207372642,217.28858560889714
-8609850.0,139950.0,0.08344523550252729,0.06563214139823685,0.0444515235082181,0.23695497695379344,0.10481883477985346,293.99401420231163,0.03976411640461627,231.03473820376394
-8609850.0,144900.0,0.08348608100266254,0.07202258075688744,0.049625112648239246,0.2741536071782992,0.1307178001364825,294.82437838599554,0.050957105504217524,224.27860418460722
-8609850.0,154800.0,0.08454503329454655,0.07470819567757742,0.04905928421572537,0.30295524341758334,0.14493473128175277,296.0929693979757,0.0534888591840417,217.8876992650399
-8609850.0,169650.0,0.08892420589375787,0.06639961134482622,0.04183647299764965,0.21014975879734582,0.09588345464814245,295.526179001101,0.0360148176344566,211.00276375986505
-8609850.0,174600.0,0.09102887486761908,0.08128194353540065,0.05372962999666362,0.32530060641943065,0.15428134223209974,295.86513418646865,0.05918420872032357,212.51454249020804
-8609850.0,184950.0,0.09575949273874823,0.07838672463625967,0.050061984757372606,0.28746083118892174,0.12936832327983275,296.0571588268898,0.042865717151145524,208.21969906735015
-8604900.0,49950.0,0.10374303598265695,0.09400982678384079,0.06943376149584045,0.32435485785892454,0.1663287783551175,293.60412821058435,0.0715100818707385,217.21835580387386
-8604900.0,79650.0,0.09782949545539689,0.08370604901044564,0.05662685719390938,0.3013594098439805,0.13877900827214723,295.0742087888102,0.04947574135939287,210.23288563966528
-8604900.0,84600.0,0.09617063277333385,0.0741412358431555,0.045145564496637355,0.23623775966759336,0.1155872072555295,296.74066023631434,0.038607861699358204,212.27829155649158
-8604900.0,114750.0,0.0860313538343279,0.0679709283107364,0.042468855385706133,0.2455313139332776,0.1065939785770975,295.5627974724634,0.037698542793195976,224.4936839370006
-8604900.0,124650.0,0.08393441579340377,0.07648559942198838,0.0534807284008455,0.30202660516485325,0.14096345436404478,294.9111455863709,0.05587632831732292,223.49602583524523
-8604900.0,144900.0,0.08275791599770317,0.0627195902302832,0.0410380910639959,0.2063820584539041,0.0912492727779839,294.60830142198563,0.03181377383291665,219.11463616977576
-8604900.0,169650.0,0.08858731903694514,0.07598440577544223,0.05453104929223687,0.28331245534430105,0.13235341757333996,294.1469020754732,0.05128375142904854,221.05438539474517
-8604900.0,214650.0,0.0996726127539712,0.07818940081704012,0.051374703142362275,0.26546043392765134,0.12309530238958226,295.7955303078816,0.042853832655111376,208.56083275684213
-8604900.0,219600.0,0.09804023783924115,0.08365164395883759,0.056393879478065324,0.30104934406952016,0.14717347099455724,295.6446405376049,0.05499464230382128,220.4039603498185
-8604900.0,225000.0,0.09572501537595457,0.0823089468236558,0.06044524322121769,0.28829827362256116,0.14721236515589375,295.14041616911146,0.058480395512303905,228.14347221502254
-8604900.0,234900.0,0.0909321584012283,0.0774422506469376,0.052677745162373425,0.27631612762269137,0.1239164763030805,293.9617856568509,0.04764079318987645,219.1009231485952
-8595000.0,54900.0,0.1046542990731637,0.0925630211794761,0.05747771901888572,0.36971612062315756,0.172097518180639,296.0441578103165,0.06112763559549805,213.46397886969578
-8595000.0,64800.0,0.10336942000218441,0.10002783133258492,0.0678178728170046,0.36954292042727593,0.18133560945253974,294.98688536962646,0.07316189750232098,217.67761583803326
-8595000.0,84600.0,0.09727903738894807,0.09113481574658418,0.06497076699903698,0.33949601053943573,0.17911678758800775,295.8650542083701,0.07362413119427234,228.60667486918064
-8595000.0,109800.0,0.08667297313520853,0.07848492098265013,0.0551390020469376,0.3035602129026909,0.15521574859005677,296.1046924879248,0.06536324455572565,218.8465944317441
-8595000.0,114750.0,0.0850392632555452,0.07057094149285782,0.04555004894941747,0.27441158643889624,0.12711554383075474,295.85475811613225,0.04344001343623738,223.0864327677651
-8595000.0,169650.0,0.08776721578071059,0.07567236346754205,0.05367349760934833,0.2836735294917841,0.14186617122026374,295.17029419040824,0.0617915159577082,225.56983749786937
-8595000.0,174600.0,0.08987284548024814,0.07786167902212376,0.056759701076238095,0.2807427789459511,0.14069220206302901,294.89327375519827,0.0580587084361952,229.82422323438487
-8589600.0,49950.0,0.10543722006890295,0.10305367537889536,0.06972639802563463,0.38892630253584076,0.1934646674161655,295.68627633971136,0.07404237004791216,214.1991676358649
-8589600.0,69750.0,0.10317115035289708,0.08226494095244043,0.05389788836229388,0.277727018786446,0.11640272432299449,295.45829176687147,0.03910909115109092,207.36623118107354
-8589600.0,99900.0,0.09102114800104734,0.08005701483748072,0.053922823212890776,0.3099094679604358,0.136358477374994,295.1210630445304,0.0463073971047155,209.9471036105426
-8589600.0,114750.0,0.08501058199280555,0.06889345072834452,0.040075534526219654,0.25183797259670854,0.106422392162615,296.277746545038,0.0359002427430802,222.50723611604246
-8589600.0,129600.0,0.08171512853895166,0.07009983497065828,0.04437697629619215,0.27781732058353786,0.12885596364011126,295.9781680245438,0.04500467697664465,228.84127946968164
-8589600.0,135000.0,0.0812669957947273,0.07081317437267577,0.04914655372509888,0.28654448654074643,0.13635429354058248,295.16849366948423,0.05198689416268188,223.5161101692504
-8589600.0,144900.0,0.08139740121902557,0.06867125109922637,0.04427006164344065,0.2707874355328713,0.10469466020451096,293.96286242285265,0.037282794610457505,229.84452274552115
-8589600.0,154800.0,0.08271987045006396,0.06726221989662068,0.04255286028020945,0.269975742642588,0.12342714265110674,295.9809028902989,0.04263086960352783,228.27460101869644
-8589600.0,159750.0,0.08384398198861613,0.06461575014236735,0.04312229547709373,0.2254928106892349,0.09388781043372896,293.5599646532338,0.03587828925109818,225.7412426680492
-8589600.0,164700.0,0.08528403818923534,0.0753368543813656,0.05112697088655487,0.3112561289596495,0.14394006568333026,295.340789911161,0.05532154302825503,219.41844628705778
-8589600.0,169650.0,0.08702548958986164,0.07570247054227755,0.053420946492017826,0.26813089897619335,0.13404949851015902,295.0995162345574,0.053399442750311416,230.00607933003397
-8584650.0,45000.0,0.10561883548914694,0.09479868162266665,0.06497293142185823,0.3416593134862827,0.16475211556955477,294.5755319997536,0.06481781146585615,214.9972862140269
-8584650.0,74700.0,0.10256557131926111,0.08298516882119082,0.0510823043803824,0.2997582829608566,0.1302292855942345,296.4375500992862,0.039737267924115624,201.74276540079015
-8584650.0,79650.0,0.10087106031742354,0.08884192554773891,0.062165103036006766,0.3206918929412696,0.16554245992085925,295.5764073740601,0.065044465105472,218.13111962993327
-8584650.0,94950.0,0.09402455911081782,0.08668816100488383,0.06668199434357615,0.30410998725728644,0.16247227597986075,294.9957420593815,0.06852241120737648,227.8291499401946
-8584650.0,109800.0,0.08717237338872838,0.07030579292864397,0.0510058570831549,0.25184895107924815,0.11276817622841281,292.44846241852264,0.04513297546402595,210.16186386317347
-8584650.0,124650.0,0.08260362774169147,0.06716442737236938,0.043633836292537656,0.2707645480396858,0.1164989452269975,295.3428139496977,0.03917338224909825,228.26469097540945
-8584650.0,129600.0,0.08176828650647297,0.06781113296752003,0.04069619097548817,0.2820832278789544,0.12139829689939499,296.65912592173953,0.03724885395516975,224.85997456447444
-8584650.0,139950.0,0.0810635203044294,0.07067653635602769,0.05203357737672435,0.25892738546562966,0.13207895022222801,294.84974754643446,0.05543430293236068,233.68742003661797
-8584650.0,154800.0,0.08225244218445874,0.06397085178715725,0.040812029373337,0.23493005508214718,0.104942981967803,295.71515159212026,0.0357112702333462,223.15317477322435
-8584650.0,159750.0,0.08322359841736651,0.0762697063013751,0.05050722069805185,0.31398625792317914,0.16236051246273825,296.85522983774433,0.06345798783183006,217.05704430606653
-8584650.0,164700.0,0.08449829069025323,0.06806057002938445,0.04458695419553654,0.24594797706290897,0.1095871953025445,294.9781699408579,0.03879857245552997,229.4832670598057
-8584650.0,169650.0,0.0860719129310987,0.07124052772439328,0.05025753026140785,0.24696476039432233,0.11678239366846374,293.5578183418419,0.046618079065885075,226.4997860602532
-8584650.0,174600.0,0.08791339758850863,0.06590856180790536,0.04176059858186118,0.21807606028290327,0.10206985649622408,296.13588523439256,0.035265192513626004,219.27656489352992
-8579700.0,139950.0,0.08109429166681315,0.0636000662905718,0.042791828590079475,0.22722444303286282,0.0996554483571599,293.86625097922126,0.037411606849412804,228.35024942159606
-8579700.0,154800.0,0.08171656695806118,0.06040728692736,0.04095877810682955,0.2082552445743559,0.08306476640769293,293.3468160166307,0.028209251147867077,219.50597358892713
-8579700.0,159750.0,0.08246056313924426,0.07492908069103882,0.0496891823862705,0.3065967429012167,0.14544304677732425,295.69920664305033,0.059692581256532276,220.05295792994602
-8579700.0,169650.0,0.08484280574453415,0.07786268547639436,0.05419225147433475,0.3069266380214608,0.16177566576092825,296.8120740099782,0.06332375456382068,224.8469935963361
-8579700.0,174600.0,0.0864730665743625,0.08349491751051713,0.06262542487455472,0.31127396911780914,0.188686637539372,297.84039407764465,0.07775096465965273,230.06633160559633
-8579700.0,184950.0,0.09055101806797682,0.07387107115933517,0.0466481251669316,0.2533114088357741,0.11291935743011926,295.2522825876476,0.041309509440778776,225.2292094436557
-8574750.0,154800.0,0.08112716931244526,0.057910252373503675,0.03802655251547287,0.1776168312120699,0.07091028140895372,293.0878731214844,0.026988320770108924,214.66211362913123
-8574750.0,159750.0,0.08157810482618719,0.06434940990621041,0.04033442898235193,0.24608181176614777,0.09894563620024764,295.4281452501686,0.0318533232190586,221.49343040115835
-8574750.0,164700.0,0.08232076919074668,0.05554754178277543,0.03500646826834328,0.16347381930837093,0.055144791873043976,294.03875992835816,0.016830194950853476,212.59816136274068
-8574750.0,169650.0,0.08337708231761234,0.07020496660590989,0.0471927073549732,0.2810729559636615,0.12287988049882226,294.5315233665781,0.04432949992946482,229.79464591570056
-8574750.0,174600.0,0.08474811208408774,0.07296393038338712,0.0480576217383405,0.2847471850440516,0.131247540451197,295.22031195948654,0.04920222584993522,228.90202961923015
-8574750.0,184950.0,0.08845137407550928,0.07410708513728304,0.04905911008633547,0.27084099431977654,0.10654557548421503,293.60868429058337,0.0390446151665534,225.5390256015159
-8574750.0,189900.0,0.09043849409465231,0.07487693291628332,0.05084386084723343,0.2821797229956104,0.12499698232419826,294.3483980212651,0.0464142719452094,224.66360827031374
-8564850.0,144900.0,0.08118935463060369,0.06726598042971922,0.046276113263634205,0.2650831992950637,0.1216882469099565,294.49714843069563,0.04492626265825132,235.30095709829513
-8564850.0,164700.0,0.07976737396087014,0.0684276195443166,0.0440768292867458,0.2737657377319028,0.12279888632548878,295.1929866246711,0.044995028088371775,233.13746467769752
-8564850.0,174600.0,0.08089852950813159,0.07063665826115667,0.047095525998405524,0.2797510253995222,0.12683386544493674,294.66433780990354,0.049371938706533745,232.2483265263379
-8559900.0,144900.0,0.08151436072841789,0.06383067619162294,0.04475752062543713,0.2286903307021647,0.10596047766046275,293.62487851295435,0.041895322406748606,229.75050899287078
-8559900.0,154800.0,0.0796301559767031,0.06464125524867308,0.0447257023995586,0.2423210990901189,0.11026340147375513,294.10562396802857,0.03991571176014512,234.2993973387313
-8559900.0,169650.0,0.07866876177112408,0.06253660280952567,0.0426998536021926,0.2385102055378924,0.09646478781258552,292.73504325710496,0.0365077043898829,231.43952351285972
-8559900.0,174600.0,0.07910122289925876,0.06301580424870029,0.0369795601213107,0.2534980999595439,0.11044629460088576,296.65358092677064,0.0359524381831983,216.37274373073726
-8554950.0,154800.0,0.07951137918561028,0.06608315774782125,0.0431802150542607,0.2790900723045339,0.12211535228829724,294.89194511059134,0.04566471723707465,230.36509992487296
-8554950.0,169650.0,0.077510948732636,0.062005263199393354,0.0416507713789195,0.2298205073874287,0.10235541520672735,293.94659371731007,0.037913045078866774,225.34591008049034
